0.369
1.368
1.713
2.808
2.809
3.117
3.787
2.98
2.419
2.96
2.262
1.717
1.558
0.582
0.782
0.737
1.264
1.799
1.734
2.298
3.549
2.3401
2.5736
2.76835
2.9875
3.14235
3.3064
3.4339
3.51125
3.6346
3.7431
3.7892
3.8364
3.90775
3.95795
4.0736
4.20525
4.3185
4.44905
4.58755
4.772
4.934
5.09815
5.24155
5.3314
5.41805
5.49225
5.5658
5.61615
5.64545
5.65755
5.61565
5.61865
5.63965
5.66065
5.66505
5.6874
5.7458
5.788
5.86235
5.92475
6.00375
6.0419
6.1018
6.0957
6.0878
6.09315
6.0778
5.97695
5.88335
5.77775
5.67345
5.572
5.4704
5.34475
5.25105
5.1709
5.13375
5.10195
5.02725
4.9676
4.9459
4.9001
4.84885
4.78355
4.69075
4.56955
4.4332
4.24185
4.04985
3.87725
3.66435
3.42115
3.23285
3.04165
2.86875
2.7168
2.53985
2.4353
2.29925
2.22
2.1358
2.0287
1.91615
1.81295
1.62495
1.4411
1.2264
1.056
0.8385
0.61455
0.39465
0.1496
-0.0817
-0.2531
-0.4624
-0.63785
-0.7685
-0.87885
-0.96345
-1.09675
-1.19195
-1.29275
-1.37395
-1.4498
-1.60875
-1.7542
-1.9141
-2.0982
-2.2556
-2.49085
-2.68585
-2.8433
-3.0479
-3.2215
-3.33765
-3.47225
-3.58035
-3.6417
-3.73
-3.78475
-3.8196
-3.82495
-3.8579
-3.90155
-3.99955
-4.0752
-4.16835
-4.2754
-4.3679
-4.4566
-4.56915
-4.6513
-4.7662
-4.84615
-4.87985
-4.88835
-4.89165
-4.86195
-4.80655
-4.7842
-4.68395
-4.6346
-4.6045
-4.588
-4.55715
-4.5503
-4.53825
-4.57385
-4.58705
-4.59485
-4.6002
-4.6195
-4.62245
-4.6141
-4.55735
-4.48125
-4.40195
-4.2931
-4.17215
-4.01975
-3.84465
-3.6848
-3.5545
-3.4152
-3.2549
-3.09565
-2.98225
-2.86745
-2.7727
-2.67265
-2.58895
-2.53955
-2.45175
-2.3143
-2.20255
-2.0318
-1.8666
-1.70845
-1.4673
-1.24615
-1.03765
-0.81295
-0.6138
-0.3918
-0.1757
0.015
0.18345
0.30955
0.43825
0.5139
0.5983
0.6822
0.81375
0.9297
1.09305
1.24805
1.47215
1.6627
1.90405
2.12835
2.3497
2.60365
2.81665
3.0016
3.1722
3.34555
3.4379
3.55395
3.60125
3.6447
3.71405
3.77905
3.87495
3.96035
4.0595
4.2253
4.32845
4.4565
4.5888
4.76365
4.9045
5.0751
5.217
5.31605
5.4325
5.525
5.5577
5.543
5.5944
5.60005
5.63235
5.6583
5.6432
5.64105
5.6843
5.7519
5.77745
5.8234
5.8816
5.9698
6.03745
6.09815
6.1516
6.19325
6.1776
6.17545
6.1419
6.0732
6.01975
5.95535
5.82355
5.71
5.5559
5.42035
5.32375
5.27095
5.20765
5.1321
5.1043
5.056
5.0151
4.94025
4.85785
4.7563
4.6769
4.5133
4.3859
4.22515
4.04455
3.8147
3.59255
3.3649
3.19195
3.0161
2.89105
2.74665
2.62765
2.50275
2.3563
2.24395
2.14595
2.0356
1.9124
1.793
1.6728
1.5065
1.3029
1.10865
0.8804
0.64885
0.40095
0.19505
-0.00725001
-0.2033
-0.3942
-0.57735
-0.744
-0.84605
-0.97335
-1.09675
-1.17175
-1.2434
-1.36465
-1.4741
-1.573
-1.6952
-1.862
-2.0593
-2.2639
-2.4354
-2.66115
-2.8795
-3.03915
-3.22315
-3.3664
-3.5038
-3.63575
-3.74405
-3.8245
-3.8638
-3.8876
-3.8976
-3.9606
-4.0298
-4.09155
-4.1943
-4.32075
-4.45855
-4.5699
-4.669
-4.7868
-4.91765
-5.01385
-5.1046
-5.1705
-5.1813
-5.1722
-5.15065
-5.09525
-5.0421
-4.95175
-4.9141
-4.8796
-4.84355
-4.80015
-4.7659
-4.73705
-4.7185
-4.7012
-4.71895
-4.75475
-4.7671
-4.73465
-4.7022
-4.62945
-4.5162
-4.43995
-4.3174
-4.22455
-4.05945
-3.89655
-3.6855
-3.54125
-3.3954
-3.26385
-3.1073
-2.97425
-2.87575
-2.77285
-2.7186
-2.6359
-2.5382
-2.44245
-2.31705
-2.18745
-2.03075
-1.8347
-1.642
-1.3952
-1.17825
-0.9106
-0.6762
-0.47425
-0.3078
-0.1079
0.0824998
0.2326
0.33945
0.4161
0.52985
0.63865
0.7583
0.8636
0.98345
1.1546
1.32015
1.5144
1.70145
1.90605
2.12415
2.3116
2.5123
2.7174
2.87645
3.06275
3.21145
3.32945
3.4265
3.51825
3.5774
3.68905
3.75755
3.82885
3.90935
4.03745
4.1469
4.27935
4.43705
4.57475
4.7423
4.86635
4.98585
5.1408
5.2778
5.3815
5.4948
5.545
5.6033
5.6374
5.6238
5.6383
5.66315
5.6411
5.62875
5.64505
5.7059
5.7156
5.81025
5.85825
5.9405
6.02255
6.09985
6.1663
6.19765
6.2091
6.1679
6.08325
6.021
5.9236
5.79805
5.68445
5.5757
5.45945
5.33605
5.2512
5.17345
5.1121
5.06575
5.05145
5.00335
4.9569
4.87775
4.77895
4.68045
4.57105
4.4797
4.34865
4.2076
4.04785
3.8541
3.66125
3.4533
3.233
3.06845
2.9028
2.7382
2.6069
2.49035
2.38015
2.2426
2.1419
2.03595
1.9424
1.8426
1.72345
1.58295
1.42405
1.19825
0.9595
0.7361
0.50695
0.2505
0.0365
-0.1417
-0.3146
-0.4739
-0.63155
-0.7503
-0.88405
-0.97755
-1.06765
-1.14745
-1.2692
-1.40655
-1.5524
-1.70015
-1.84955
-2.04045
-2.2277
-2.42655
-2.6211
-2.8093
-2.97645
-3.11505
-3.2741
-3.41795
-3.51325
-3.62715
-3.67995
-3.69305
-3.69885
-3.7626
-3.83445
-3.89735
-3.9604
-4.0195
-4.11575
-4.24585
-4.3802
-4.5211
-4.6359
-4.73935
-4.83545
-4.9237
-5.0056
-5.04775
-5.0617
-5.05425
-5.0393
-4.99195
-4.92765
-4.88375
-4.84035
-4.78775
-4.74285
-4.69995
-4.69555
-4.6888
-4.66845
-4.6675
-4.6735
-4.66485
-4.6829
-4.6295
-4.57945
-4.4835
-4.37715
-4.26265
-4.11385
-3.92615
-3.76305
-3.55855
-3.37975
-3.2181
-3.1061
-2.9811
-2.89455
-2.82325
-2.7505
-2.6677
-2.58345
-2.52285
-2.4423
-2.34095
-2.21645
-2.0734
-1.8928
-1.71405
-1.5083
-1.30375
-1.0469
-0.82375
-0.61325
-0.4426
-0.2675
-0.12225
0.0302499
0.19245
0.3315
0.4381
0.5593
0.657
0.77955
0.9117
1.0457
1.2089
1.38395
1.5528
1.7779
2.0157
2.2481
2.4864
2.65505
2.8594
3.0593
3.2166
3.33515
3.43035
3.55125
3.6355
3.73285
3.81975
3.9049
4.0142
4.0994
4.248
4.4297
4.597
4.76365
4.9428
5.08475
5.22645
5.371
5.4776
5.6004
5.66615
5.6991
5.74175
5.7602
5.7999
5.7685
5.7226
5.6914
5.69675
5.68755
5.6682
5.7042
5.73935
5.78985
5.8775
5.9752
6.0407
6.0654
6.0608
6.03925
6.02895
5.98205
5.8859
5.82895
5.7355
5.6151
5.46465
5.3682
5.2967
5.2053
5.15095
5.10945
5.0739
5.01735
4.9925
4.92555
4.8583
4.793
4.69935
4.61955
4.5207
4.36435
4.17915
4.0024
3.83595
3.6234
3.41415
3.2248
3.0643
2.8959
2.74475
2.59835
2.4477
2.35165
2.27405
2.1713
2.0727
1.9974
1.8653
1.70535
1.52655
1.3243
1.09305
0.8768
0.65235
0.4064
0.152
-0.0702
-0.2972
-0.47865
-0.63205
-0.765
-0.9176
-0.9895
-1.07525
-1.2065
-1.3288
-1.39405
-1.52605
-1.6603
-1.81985
-1.96595
-2.1103
-2.29345
-2.4749
-2.6475
-2.81815
-3.01055
-3.1746
-3.3138
-3.40815
-3.51715
-3.60455
-3.6789
-3.7178
-3.7637
-3.7812
-3.8077
-3.86885
-3.93445
-4.0068
-4.1454
-4.23785
-4.3538
-4.47525
-4.57565
-4.7018
-4.8209
-4.88825
-4.93745
-4.94095
-4.9303
-4.90235
-4.85225
-4.82615
-4.7739
-4.72295
-4.68325
-4.668
-4.62595
-4.6015
-4.60045
-4.61035
-4.58195
-4.57135
-4.58515
-4.6085
-4.6052
-4.52975
-4.45995
-4.3953
-4.2802
-4.17275
-4.04855
-3.9183
-3.77735
-3.60215
-3.45345
-3.2679
-3.11425
-3.00215
-2.88755
-2.7809
-2.685
-2.62355
-2.5598
-2.5227
-2.45645
-2.3138
-2.2001
-2.07425
-1.8863
-1.68715
-1.4651
-1.24515
-1.02735
-0.8112
-0.5827
-0.36065
-0.1706
-0.00659999
0.15055
0.30195
0.40255
0.52015
0.6076
0.7138
0.8526
1.02105
1.20295
1.3586
1.5726
1.7829
1.9667
2.182
2.3844
2.5954
2.8026
3.01265
3.17645
3.3114
3.4686
3.5851
3.6695
3.7431
3.8117
3.9076
3.9906
4.08915
4.1847
4.29605
4.38555
4.5332
4.6863
4.86945
5.0373
5.18185
5.30435
5.45315
5.53045
5.60655
5.65865
5.6948
5.6804
5.63235
5.6219
5.62875
5.6326
5.63195
5.61565
5.6453
5.6685
5.7197
5.82505
5.8634
5.93195
5.9735
6.00795
6.022
6.06585
6.0256
5.9947
5.8873
5.7963
5.67075
5.57765
5.4691
5.34335
5.24255
5.1697
5.0561
5.01115
4.99425
4.95645
4.91085
4.8594
4.81645
4.75215
4.63995
4.5439
4.43895
4.29755
4.1178
3.9165
3.76985
3.56345
3.4006
3.2071
3.028
2.8747
2.70375
2.5589
2.4393
2.3277
2.20205
2.0983
2.0114
1.89545
1.7831
1.62105
1.4547
1.2975
1.09525
0.87555
0.64585
0.44265
0.20025
-0.00290002
-0.25175
-0.45525
-0.6213
-0.78215
-0.91085
-1.02455
-1.11275
-1.2158
-1.3081
-1.4295
-1.553
-1.6914
-1.8265
-1.9684
-2.14995
-2.3431
-2.52035
-2.74365
-2.9408
-3.1173
-3.2726
-3.40305
-3.48355
-3.55585
-3.63955
-3.72115
-3.7578
-3.80525
-3.85275
-3.865
-3.92415
-3.97605
-4.04065
-4.1244
-4.23105
-4.3809
-4.4547
-4.5908
-4.7382
-4.82975
-4.90435
-4.9663
-4.9964
-4.98405
-4.99915
-4.9783
-4.91045
-4.84705
-4.7604
-4.68995
-4.63215
-4.6112
-4.5628
-4.5209
-4.5152
-4.5247
-4.53055
-4.54205
-4.5393
-4.5324
-4.4594
-4.42705
-4.32955
-4.20915
-4.09985
-3.9916
-3.8054
-3.64945
-3.4913
-3.3079
-3.17995
-3.0506
-2.9511
-2.8552
-2.80575
-2.7655
-2.7019
-2.63805
-2.56085
-2.45675
-2.3643
-2.2335
-2.09095
-1.9137
-1.7413
-1.55255
-1.373
