0.369
1.368
1.713
2.808
3.02233
3.93833
4.74467
5.167
5.03733
5.08767
4.80267
4.11267
3.63867
3.02633
2.30033
1.792
1.641
1.72133
2.10533
2.61067
3.548
4.52333
5.60333
6.77967
8.04567
8.831
9.46433
9.67367
9.69733
9.481
9.04233
8.30633
7.486
6.756
5.79433
5.22967
5.074
5.006
5.24967
5.91867
6.76133
7.469
8.74567
9.80667
10.5623
11.0867
11.7673
11.9487
11.9617
11.7673
11.294
10.3037
9.39467
8.463
7.58733
6.806
6.27267
6.07733
6.063
6.35067
6.981
8.02767
8.73533
9.561
10.3013
10.8937
11.1583
11.326
10.935
10.533
9.89467
8.96933
7.922
6.92667
5.804
4.95167
4.237
3.88433
3.81633
3.96067
4.17333
4.85067
5.42333
6.34033
7.11067
7.71533
7.79233
7.781
7.11167
6.43467
5.51167
4.49833
3.14767
2.24267
1.20067
0.203333
-0.513
-0.923667
-1.08
-1.065
-0.508667
0.0873334
0.765667
1.38967
2.18133
2.37333
2.47933
2.36667
2.058
1.28467
0.375667
-0.541667
-1.667
-3.08633
-4.12967
-4.937
-5.68267
-5.91733
-5.82733
-5.65933
-5.309
-4.759
-4.00367
-3.21333
-2.47667
-2.02367
-1.567
-1.769
-2.349
-3.00533
-3.82267
-4.92633
-5.819
-6.873
-8.10633
-8.73167
-9.37233
-9.85067
-9.64133
-9.30733
-8.808
-7.975
-6.93967
-6.20033
-5.14733
-4.64533
-4.18067
-4.313
-4.35033
-4.878
-5.396
-6.29833
-7.04233
-8.19833
-9.00733
-9.69467
-10.2343
-10.334
-10.0107
-9.58667
-9.00367
-7.94467
-7.09433
-6.25867
-5.48267
-4.68667
-4.25633
-4.003
-3.97633
-4.30667
-4.60167
-5.21067
-5.93767
-6.62233
-7.22267
-7.94833
-8.21433
-8.24433
-8.03867
-7.38767
-6.42667
-5.34267
-4.22267
-3.02067
-2.048
-1.15967
-0.489333
-0.003
0.324
0.280333
-0.0946666
-0.928667
-1.65033
-2.43933
-2.88167
-3.48833
-3.50833
-3.462
-3.259
-2.59767
-1.66267
-0.76
0.597667
1.955
2.94733
4.11567
4.96967
5.483
5.66633
5.53067
4.92133
4.169
3.23033
2.43267
1.626
1.42167
1.45
1.778
2.15133
3.03367
3.643
4.74667
5.88067
6.933
7.91467
8.914
9.58633
9.67733
9.885
9.48067
8.81633
7.98733
7.19567
6.309
5.62433
5.198
5.03433
5.08433
5.327
5.96767
6.84567
7.56167
8.62067
9.81667
10.729
11.392
12.0513
12.1313
11.7597
11.533
11.002
10.1963
9.487
8.65533
7.50667
6.87067
6.42133
5.99233
6.23567
6.688
7.23033
7.87133
8.98367
9.74967
10.6983
11.202
11.649
11.6837
11.5287
10.9747
10.278
9.187
8.12267
6.74767
5.491
4.44467
3.82267
3.52167
3.596
3.88533
4.45067
4.98233
5.44767
6.043
6.66367
7.22233
7.353
7.50633
7.431
6.93867
5.78067
4.83633
3.47133
2.299
1.26633
0.59
-0.148333
-0.470333
-0.772
-0.877
-0.718
-0.119333
0.503667
1.04667
1.69233
2.23533
2.40067
2.33767
1.99467
1.42233
0.604667
-0.431667
-1.605
-2.603
-3.75333
-4.65467
-5.25567
-5.67033
-5.74033
-5.604
-5.45567
-4.83967
-4.04733
-3.57667
-2.83467
-2.12833
-1.79733
-1.88867
-2.23033
-2.92767
-3.75467
-5.01733
-6.17867
-6.964
-8
-8.80967
-9.371
-9.69633
-9.955
-9.67933
-9.05633
-8.16267
-7.20133
-6.28333
-5.416
-5.095
-4.87933
-4.94933
-5.117
-5.48933
-6.08
-6.87767
-7.734
-8.71933
-9.74333
-10.3073
-10.63
-10.5067
-10.283
-9.634
-9.099
-8.149
-7.33567
-6.35567
-5.52333
-4.67033
-4.177
-3.91467
-3.80533
-4.00033
-4.57567
-5.415
-6.28033
-6.98533
-7.74067
-8.12267
-8.153
-8.12633
-7.84833
-7.32233
-6.483
-5.503
-4.06933
-2.97467
-1.808
-1.05167
-0.261667
0.0713333
0.259667
0.235667
-0.170333
-0.857667
-1.66867
-2.52633
-3.24167
-3.44433
-3.70633
-3.43267
-2.81667
-1.98067
-1.12033
0.145333
1.24033
2.282
3.18
4.161
4.81267
5.007
5.163
4.89733
4.51133
3.94333
3.33433
2.63667
2.11367
1.63867
1.30167
1.59633
1.87933
2.718
3.647
4.629
5.53233
6.91833
7.70967
8.53933
9.179
9.60867
9.54
9.28567
8.594
8.08133
7.36533
6.62567
5.94167
5.70367
5.166
5.11733
5.35633
6.03233
6.57833
7.51433
8.357
9.32067
10.2193
11.1797
11.8993
12.267
12.2623
12.006
11.1553
10.2423
9.38167
8.33333
7.30767
6.76733
6.39233
6.05333
6.29367
6.64733
7.326
8.14333
9.14
9.888
10.6197
11.1113
11.1883
11.069
10.9307
10.44
9.522
8.783
7.77167
6.49867
5.46467
4.68767
3.901
3.67667
3.76767
4.156
4.64133
5.20367
5.76367
6.23133
6.66667
7.006
7.43833
7.584
7.37933
6.85167
6.151
4.98367
3.553
2.28567
1.24233
0.156667
-0.689
-0.955
-1.05
-0.912
-0.633667
0.180667
0.835
1.55067
2.18
2.77033
2.94033
2.92667
2.47733
1.69667
0.797
-0.321667
-1.67267
-2.76133
-3.78833
-4.719
-5.29667
-5.72367
-5.93433
-5.904
-5.46967
-4.87033
-4.073
-3.27867
-2.64833
-2.28167
-2.03667
-1.91033
-2.20133
-2.54767
-3.35033
-4.443
-5.60133
-6.56167
-7.58833
-8.41167
-9.10067
-9.412
-9.63467
-9.48967
-8.72733
-7.77667
-7.132
-6.25233
-5.52233
-5.061
-4.786
-4.636
-4.77933
-5.12933
-5.93933
-6.657
-7.50767
-8.37367
-9.22467
-9.79167
-10.334
-10.5607
-10.5593
-10.1827
-9.54367
-8.689
-7.541
-6.35067
-5.455
-4.59167
-4.00433
-3.80633
-3.77567
-3.84067
-4.277
-4.953
-5.73467
-6.61767
-7.248
-7.78667
-7.958
-7.87367
-7.53233
-7.123
-6.204
-5.37967
-4.08633
-2.803
-1.56933
-0.883667
-0.242
-0.165
-0.294333
-0.689
-0.853
-1.18967
-1.799
-2.41333
-3.00433
-3.60933
-3.84767
-3.58633
-3.103
-2.32267
-1.44767
-0.279667
0.923
1.959
3.01833
4.10533
4.595
4.80967
5.12933
4.99567
4.40967
3.85467
3.32533
2.72433
2.069
1.63733
1.32633
1.237
1.30733
2.18833
3.36367
4.60533
5.902
7.06867
8.133
8.91633
9.475
9.76367
9.76367
9.422
8.97067
8.43733
7.64033
7.01833
6.41167
5.817
5.50333
5.70367
5.94033
6.23333
6.93
7.76667
8.67533
9.76533
10.6617
11.4527
12.009
12.0673
11.9467
11.6477
11.0937
10.1043
9.12733
8.10167
7.21733
6.26933
5.743
5.69433
5.823
6.32433
7.20667
8.28
9.17333
9.94033
10.4817
10.8437
11.02
11.0617
10.8123
10.5217
9.92167
8.88867
7.64433
6.653
5.579
4.567
4.123
3.90133
3.781
3.832
4.40433
4.82167
5.53233
6.40733
7.05333
7.454
7.78267
7.55067
6.92767
6.41533
5.58833
4.53967
3.587
2.52633
1.39033
0.386
-0.278667
-0.871667
-1.05767
-0.849667
-0.364667
0.00900002
0.9
1.81967
2.29
2.616
2.755
2.46467
1.75367
0.960667
-0.0923333
-1.05233
-2.227
-3.21533
-4.23967
-5.01367
-5.53267
-5.72733
-5.928
-5.487
-5.035
-4.67933
-4.12333
-3.16733
-2.677
-2.08067
-1.799
-1.63167
-2.02
-2.65133
-3.677
-4.557
-5.77367
-7.054
-8.10133
-8.808
-9.31067
-9.67367
-9.49267
-9.08933
-8.62133
-7.85733
-6.79533
-6.03367
-5.38967
-4.61167
-4.29767
-4.50867
-4.66667
-4.86467
-5.62533
-6.44367
-7.38633
-8.444
-9.33667
-10.1353
-10.5367
-10.3313
-9.85367
-9.43367
-8.75067
-7.97567
-7.239
-6.39667
-5.567
-4.699
-4.24033
-3.795
-3.81167
-3.935
-4.30267
-4.75567
-5.679
-6.40933
-7.03833
-7.70133
-8.071
-7.94667
-7.65367
-7.12333
-6.24267
-5.314
-4.23033
-3.18033
-2.03467
-1.03633
-0.399
0.065
0.243333
0.091
-0.540333
-0.986
-1.87033
-2.59267
-3.20433
-3.58633
-3.80133
-3.45867
-2.94233
-2.28867
-1.28733
-0.144
0.924667
2.049
3.13267
3.98333
4.77033
5.37533
5.49867
5.153
4.84833
4.18567
3.21467
2.685
2.253
1.95933
1.80233
2.139
2.40067
2.84567
3.58467
4.55
5.53133
6.654
7.89767
8.67867
9.31267
9.80467
9.987
9.75433
9.27633
8.48833
7.775
6.889
6.01233
5.629
5.482
5.14567
5.41967
6.12
6.96567
7.78733
8.89333
9.691
10.6437
11.0607
11.6927
11.8573
11.9157
11.3197
10.6663
9.85667
9.077
8.07367
7.452
6.77767
6.16833
5.894
6.06267
6.433
7.07133
8.031
8.999
9.709
10.2063
11.0407
11.268
11.202
10.8883
10.3527
9.28167
8.33333
7.16233
6.23033
5.38533
4.73333
3.975
3.72467
3.841
3.98667
4.337
5.12167
5.77333
6.417
6.889
7.26267
7.40333
7.58133
7.039
6.379
5.728
4.516
3.302
2.262
1.239
0.262667
-0.346
-0.878
-1.14367
-0.944
-0.643333
-0.0496667
0.687
1.496
2.14267
2.54367
2.59833
2.50333
2.06867
1.531
0.537667
-0.368
-1.587
-2.805
-4.21333
-5.07867
-5.854
-6.28667
-6.399
-6.03
-5.527
-4.90733
-4.14967
-3.50733
-2.836
-2.36167
-1.92867
-1.85833
-2.20467
-2.764
-3.45767
-4.58333
-5.945
-6.817
-7.78367
-8.68967
-9.146
-9.179
-9.33567
-9.277
-8.764
-8.17467
-7.50633
-6.41033
-5.503
-4.96233
-4.40533
-4.17267
-4.369
-4.90333
-5.39567
-6.43167
-7.54967
-8.57467
-9.43467
-10.2277
-10.4877
-10.3287
-10.2753
-9.672
-8.96333
-8.28133
-7.273
-6.11333
-5.19867
-4.41533
-3.608
-3.36567
-3.24033
-3.45633
-3.83133
-4.765
-5.51833
-6.54633
-7.11433
-7.88467
-8.018
-8.02667
-7.604
-7.21
-6.131
-5.138
-4.17767
-3.00167
-1.862
-1.08133
-0.543
-0.174667
-0.260333
-0.602667
-0.915667
-1.36933
-1.869
-2.43833
-2.84367
-3.42367
-3.467
-3.57033
-3.24833
-2.615
-1.86733
