0.369
1.368
1.713
2.808
2.809
3.117
3.787
2.98
2.419
2.96
2.262
2.8309
2.9498
2.8712
2.7781
2.571
2.4165
2.2847
2.0794
2.0112
2.1242
2.2472
2.5249
2.8795
3.3333
3.8656
4.3964
4.8894
5.2964
5.6612
5.9467
6.1051
6.0708
5.9662
5.7185
5.4817
5.2136
4.9233
4.7018
4.592
4.6009
4.61
4.8343
5.1519
5.5149
5.9001
6.4019
6.85
7.2182
7.5433
7.7134
7.7174
7.64
7.5164
7.1958
6.8132
6.4305
6.1372
5.8051
5.5164
5.319
5.3086
5.3696
5.5823
5.7884
6.0482
6.3799
6.7256
6.981
7.1251
7.1977
7.1655
7.0079
6.6507
6.2457
5.8149
5.3462
4.9051
4.4481
4.0361
3.7864
3.6415
3.5637
3.6594
3.7927
4.023
4.238
4.4125
4.5218
4.5578
4.5316
4.3993
4.1048
3.7394
3.291
2.6905
2.1122
1.5131
1.0777
0.6372
0.4044
0.208
0.0893
0.1451
0.3473
0.4436
0.5916
0.7383
0.9164
1.0098
0.8803
0.7486
0.3908
-0.0357
-0.4588
-1.0177
-1.6106
-2.0964
-2.5277
-2.8666
-3.2278
-3.4237
-3.4102
-3.3292
-3.1095
-2.909
-2.6549
-2.4598
-2.3291
-2.2359
-2.3076
-2.435
-2.6128
-2.9633
-3.4667
-3.9631
-4.5037
-4.9609
-5.3856
-5.7282
-5.9008
-5.9946
-5.896
-5.7678
-5.5267
-5.2325
-4.8169
-4.5704
-4.2612
-4.0349
-3.9589
-3.9142
-4.0407
-4.3282
-4.6552
-5.0072
-5.4403
-5.7473
-6.0772
-6.2373
-6.4032
-6.3603
-6.2568
-6.0653
-5.7694
-5.3497
-4.935
-4.5493
-4.1879
-3.9612
-3.727
-3.6222
-3.6295
-3.7912
-3.9997
-4.2339
-4.4417
-4.6968
-4.9259
-5.0151
-4.969
-4.7525
-4.5831
-4.2689
-3.8482
-3.3302
-2.7325
-2.1995
-1.7074
-1.2908
-0.947
-0.7948
-0.7666
-0.8364
-0.8885
-1.0873
-1.2329
-1.4573
-1.6673
-1.6669
-1.6833
-1.545
-1.2496
-0.8022
-0.2876
0.2832
0.8104
1.4418
1.9502
2.4102
2.7373
2.8404
2.9097
2.908
2.7187
2.5773
2.3912
2.2084
2.0625
1.9839
1.9703
2.156
2.4962
2.8917
3.3892
3.9147
4.5441
4.9729
5.4222
5.7
5.9142
6.0302
6.0387
5.8909
5.6231
5.3937
5.1661
4.8898
4.6131
4.5102
4.4819
4.5904
4.8311
5.1619
5.5702
6.0068
6.5185
6.9111
7.1795
7.5048
7.7093
7.7871
7.7035
7.5076
7.1706
6.8255
6.4948
6.0836
5.7629
5.5376
5.4667
5.3963
5.4781
5.6289
5.901
6.2307
6.639
6.922
7.1611
7.3957
7.4434
7.3887
7.1897
6.824
6.3479
5.8519
5.326
4.8856
4.4081
4.0084
3.7285
3.5283
3.4365
3.4649
3.5707
3.8709
4.0869
4.355
4.5474
4.5958
4.5263
4.3722
4.0612
3.7424
3.3414
2.8904
2.3286
1.7534
1.3049
0.8264
0.4457
0.2112
0.1703
0.168
0.2927
0.4266
0.5515
0.6946
0.8109
0.8605
0.8396
0.6851
0.4285
0.0658
-0.4166
-0.8708
-1.3993
-1.9432
-2.3765
-2.7991
-3.1059
-3.2779
-3.3388
-3.32
-3.168
-2.9635
-2.6911
-2.509
-2.4124
-2.3452
-2.3678
-2.5151
-2.7259
-3.0497
-3.531
-3.9377
-4.476
-4.9963
-5.497
-5.8682
-5.9855
-6.0465
-6.0303
-5.8768
-5.6394
-5.4248
-5.1103
-4.8722
-4.6006
-4.3773
-4.2623
-4.2698
-4.4755
-4.7676
-5.1399
-5.4695
-5.834
-6.099
-6.3887
-6.5453
-6.6641
-6.6319
-6.4757
-6.2321
-5.8821
-5.4494
-4.962
-4.5579
-4.1847
-3.9302
-3.7372
-3.6963
-3.7123
-3.8356
-4.0517
-4.2673
-4.4852
-4.7491
-4.937
-5.074
-5.0706
-4.936
-4.5972
-4.2049
-3.7323
-3.2905
-2.6923
-2.139
-1.6811
-1.2237
-0.9871
-0.7529
-0.6947
-0.7881
-0.9754
-1.128
-1.3224
-1.409
-1.5546
-1.591
-1.542
-1.3495
-0.9858
-0.6127
-0.1364
0.4642
1.0668
1.5496
2.0481
2.3626
2.6626
2.844
2.886
2.7955
2.6246
2.4696
2.2805
2.1166
1.9155
1.9379
2.0148
2.2
2.4229
2.808
3.2505
3.7856
4.3196
4.8139
5.2795
5.5573
5.8
5.9286
5.9294
5.8785
5.6801
5.4356
5.1655
4.9028
4.7317
4.6072
4.5471
4.6341
4.8317
5.1035
5.4634
5.9133
6.4214
6.8007
7.2324
7.53
7.653
7.6844
7.6417
7.4781
7.2152
6.887
6.5363
6.1038
5.7964
5.5293
5.4061
5.3775
5.4992
5.6901
5.9007
6.2395
6.5417
6.7897
7.0516
7.2167
7.208
7.1824
6.9234
6.5582
6.1141
5.6479
5.1668
4.693
4.332
4.0402
3.7611
3.5959
3.5655
3.5665
3.7087
3.9133
4.188
4.4344
4.61
4.6612
4.6283
4.4363
4.1079
3.7346
3.3048
2.8059
2.2296
1.7196
1.1881
0.756
0.402
0.2283
0.1248
0.1582
0.3441
0.5474
0.7377
0.9558
1.1081
1.1396
1.1015
0.9148
0.6441
0.2255
-0.2474
-0.7794
-1.3282
-1.9041
-2.4369
-2.8966
-3.1635
-3.2983
-3.3651
-3.324
-3.1893
-3.0196
-2.7728
-2.5225
-2.3954
-2.2365
-2.2444
-2.3345
-2.562
-2.9028
-3.2911
-3.7843
-4.2702
-4.7011
-5.1822
-5.5649
-5.7421
-5.8389
-5.8356
-5.725
-5.5412
-5.2919
-4.9982
-4.7029
-4.4286
-4.2564
-4.1833
-4.1484
-4.337
-4.6077
-4.8842
-5.2451
-5.5919
-5.9869
-6.3397
-6.5482
-6.6744
-6.6598
-6.4674
-6.2478
-5.9324
-5.5398
-5.0937
-4.6718
-4.2803
-3.9164
-3.6551
-3.5248
-3.5291
-3.6589
-3.8285
-4.0859
-4.2757
-4.5137
-4.7173
-4.8235
-4.8144
-4.7374
-4.4565
-4.0723
-3.5739
-3.0942
-2.6356
-2.17
-1.7732
-1.4185
-1.0904
-0.8556
-0.8485
-0.8833
-1.0939
-1.3323
-1.5391
-1.6593
-1.7416
-1.7412
-1.6783
-1.4163
-1.1265
-0.797
-0.296
0.2773
0.8635
1.3992
1.8961
2.2786
2.5311
2.7167
2.8311
2.7973
2.6224
2.4346
2.2091
1.9706
1.811
1.836
1.9049
2.092
2.4183
2.7752
3.2783
3.7625
4.3138
4.8562
5.3064
5.7338
6.0615
6.1885
6.1392
6.0303
5.8867
5.686
5.3996
5.1754
4.9699
4.8276
4.8359
4.903
5.0868
5.3683
5.734
6.1662
6.5822
6.9619
7.3013
7.5172
7.7122
7.7435
7.6211
7.4018
7.0798
6.6634
6.2679
5.8936
5.546
5.3569
5.2414
5.2576
5.3175
5.4968
5.7632
6.064
6.3984
6.7552
7.0176
7.2114
7.2936
7.1677
6.8865
6.5295
6.1331
5.6816
5.2601
4.8038
4.3578
3.9642
3.7592
3.5501
3.487
3.6134
3.7869
3.9995
4.2112
4.3821
4.4548
4.5411
4.5417
4.4235
4.1369
3.7662
3.2985
2.7353
2.2239
1.6392
1.1141
0.7784
0.5476
0.302
0.2327
0.2981
0.3893
0.5745
0.7114
0.8563
0.9078
0.939
0.8641
0.6506
0.2976
-0.0595
-0.6029
-1.1859
-1.6962
-2.2054
-2.6644
-2.9884
-3.2225
-3.3882
-3.4147
-3.2989
-3.1234
-2.8821
-2.656
-2.4001
-2.2451
-2.2006
-2.2068
-2.377
-2.6217
-2.9575
-3.394
-3.899
-4.3671
-4.8996
-5.2656
-5.6313
-5.8794
-5.9289
-5.8351
-5.7086
-5.5161
-5.1467
-4.7878
-4.5453
-4.3154
-4.0734
-3.9865
-3.9941
-4.1748
-4.4914
-4.8358
-5.217
-5.5382
-5.8907
-6.1582
-6.3133
-6.4422
-6.4715
-6.3748
-6.1441
-5.7675
-5.3187
-4.9426
-4.4727
-4.1266
-3.8486
-3.6534
-3.5392
-3.5512
-3.6567
-3.7884
-4.0448
-4.2904
-4.5255
-4.6807
-4.7869
-4.7741
-4.7041
-4.5038
-4.2081
-3.6936
-3.1622
-2.7123
-2.1739
-1.7138
-1.2823
-1.0282
-0.8711
-0.8622
-0.8974
-0.9745
-1.15
-1.4011
-1.5889
-1.6604
-1.6806
-1.6092
-1.4716
-1.1494
-0.7499
-0.1797
0.3636
0.9208
1.5391
2.0401
2.4038
2.7008
2.8631
2.8897
2.8888
2.8023
2.6739
2.464
2.3364
2.1779
2.0434
2.0997
2.2831
2.5413
2.9184
3.4483
3.8978
4.401
4.8949
5.3738
5.7329
5.9605
6.0938
6.152
6.0755
5.8772
5.653
5.3691
5.0921
4.9076
4.7718
4.7466
4.779
4.9772
5.2684
5.6324
5.9981
6.4831
6.8457
7.1985
7.4846
7.5721
7.6041
7.4791
7.2844
7.0522
6.6981
6.2615
5.9291
5.5954
5.4249
5.2448
5.2749
5.4289
5.5511
5.7637
6.1349
6.4197
6.7562
6.9671
7.1013
7.1006
6.9898
6.7835
6.4269
6.0172
5.6079
5.1204
4.5887
4.1988
3.8526
3.6425
3.5511
3.5362
3.6239
3.7706
3.9522
4.1565
4.3906
4.5431
4.5669
4.5183
4.3153
4.0801
3.6852
3.2066
2.672
2.1448
1.6379
1.1211
0.649
0.3673
0.2162
0.1256
0.2151
0.3012
0.4518
0.624
0.7978
0.9395
1.0239
0.9562
0.7968
0.5147
0.1129
-0.4462
-1.0162
-1.6022
-2.1344
-2.5863
-3.0062
-3.2949
-3.5337
-3.5406
-3.5281
-3.3809
-3.1619
-2.8483
-2.5745
-2.4333
-2.3241
-2.2795
-2.4143
-2.6999
-3.0062
-3.4143
-3.8342
-4.3073
-4.7451
-5.2283
-5.6399
-5.802
-5.9305
-5.9597
-5.7764
-5.5073
-5.2456
-4.917
-4.6046
-4.3433
-4.2246
-4.0636
-4.0634
-4.2403
-4.4633
-4.8031
-5.2088
-5.5588
-5.8502
-6.2243
-6.4529
-6.5871
-6.5722
-6.4134
-6.1288
-5.7476
-5.3393
-4.8242
-4.3548
-3.9546
-3.6859
-3.4061
-3.3521
-3.3213
-3.4341
-3.6383
-3.9375
-4.1979
-4.4047
-4.6329
-4.7916
-4.8047
-4.7024
-4.5086
-4.1039
-3.6947
-3.1652
-2.731
-2.1956
-1.7766
-1.4675
-1.1587
-0.9788
-0.917
-0.9667
-1.0673
-1.2853
-1.4603
-1.6637
-1.7783
-1.7994
-1.7674
