0.369
1.368
1.713
2.808
2.809
3.117
3.787
3.1585
3.50017
3.7655
3.857
3.67517
3.46667
3.04417
2.54333
2.1695
1.977
1.7835
1.6955
1.79233
2.12417
2.7255
3.435
4.18933
4.99467
5.679
6.405
6.9665
7.264
7.4735
7.3985
7.16833
6.68667
6.2265
5.6385
5.1765
4.85667
4.44917
4.33017
4.44467
4.81417
5.21317
5.92483
6.61867
7.18883
7.8545
8.472
8.93983
9.21883
9.338
9.12867
8.7205
8.356
7.907
7.248
6.55733
5.876
5.511
5.2915
5.2715
5.3505
5.65833
6.085
6.669
7.28583
7.75867
8.206
8.57267
8.646
8.5385
8.33833
7.91017
7.383
6.6625
5.86133
5.15117
4.56117
4.05867
3.62333
3.357
3.27683
3.52317
3.86833
4.31767
4.79383
5.19233
5.51117
5.7785
5.78683
5.58583
5.2365
4.59017
3.797
3.0505
2.29
1.44767
0.777833
0.117833
-0.245333
-0.491667
-0.3805
-0.299833
-0.0996666
0.347833
0.8555
1.268
1.47983
1.61617
1.63117
1.45417
1.073
0.514167
-0.308
-1.09867
-1.85033
-2.57883
-3.35617
-3.909
-4.20017
-4.40917
-4.39983
-4.1925
-3.846
-3.33833
-2.80617
-2.453
-2.06233
-1.90083
-1.85833
-1.92933
-2.3625
-2.91883
-3.572
-4.283
-5.199
-5.84383
-6.4305
-6.99467
-7.19233
-7.3895
-7.33833
-6.9815
-6.41133
-5.92667
-5.277
-4.73567
-4.25117
-3.91417
-3.69783
-3.7285
-3.96383
-4.30017
-4.86167
-5.47433
-6.14183
-6.65467
-7.24217
-7.58967
-7.78167
-7.786
-7.63533
-7.11533
-6.63317
-6.06367
-5.41017
-4.81167
-4.23817
-3.84133
-3.55
-3.59117
-3.56533
-3.71417
-4.06883
-4.51783
-5.07433
-5.538
-5.83317
-6.03767
-6.23633
-6.16283
-5.7825
-5.19333
-4.53767
-3.7725
-3.07967
-2.24017
-1.41867
-0.845333
-0.397167
-0.268167
-0.176167
-0.372667
-0.6465
-1.037
-1.46433
-1.91883
-2.28883
-2.51767
-2.61917
-2.29883
-1.925
-1.44917
-0.778
0.1025
0.929
1.86383
2.66517
3.26233
3.767
4.07433
4.02567
3.77217
3.40383
2.9255
2.4025
1.995
1.664
1.5275
1.5405
1.83483
2.20133
2.821
3.65483
4.29617
5.06717
5.76933
6.5385
6.97667
7.41717
7.43417
7.23717
7.06567
6.61717
6.11467
5.45317
4.9975
4.64033
4.419
4.37
4.44333
4.8225
5.26667
5.91717
6.67933
7.29067
7.97633
8.62883
8.999
9.13633
9.27633
9.167
8.81867
8.378
7.768
7.004
6.53667
6.1495
5.60767
5.38483
5.24983
5.40833
5.7575
6.34617
6.82433
7.38833
8.01317
8.46417
8.844
8.9735
8.94
8.66033
8.18283
7.55617
6.74633
5.861
5.04083
4.32983
3.82967
3.40533
3.21017
3.20483
3.44717
3.808
4.2045
4.63067
5.05517
5.32567
5.6185
5.69467
5.60883
5.22167
4.72233
4.02233
3.233
2.5655
1.7635
0.932667
0.317833
-0.0433333
-0.291167
-0.331167
-0.2765
-0.0635
0.185
0.629167
1.02167
1.30983
1.54383
1.54133
1.4
1.07217
0.570667
-0.104833
-0.877833
-1.677
-2.424
-3.0545
-3.65117
-4.05033
-4.26317
-4.34933
-4.17283
-3.79817
-3.51133
-3.05267
-2.57833
-2.20133
-1.9405
-1.89867
-2.09667
-2.432
-2.92167
-3.6125
-4.3165
-5.198
-5.8925
-6.492
-6.99683
-7.41667
-7.529
-7.33133
-7.09133
-6.5975
-6.1535
-5.5515
-5.03067
-4.5535
-4.2325
-4.18383
-4.21483
-4.47
-4.85067
-5.3915
-5.996
-6.64683
-7.149
-7.60717
-7.90017
-8.0975
-8.025
-7.8315
-7.322
-6.69633
-6.12167
-5.47167
-4.91333
-4.269
-3.83667
-3.47483
-3.39733
-3.53333
-3.79867
-4.21517
-4.63233
-5.17917
-5.63733
-5.9725
-6.27817
-6.26867
-6.13283
-5.73867
-5.23133
-4.4425
-3.69467
-2.96033
-2.20133
-1.438
-0.745667
-0.323333
-0.091
-0.251833
-0.3795
-0.676
-1.06067
-1.581
-2.00967
-2.3625
-2.51017
-2.38383
-2.1425
-1.7355
-1.02667
-0.269167
0.479333
1.30067
2.06133
2.788
3.22467
3.621
3.67667
3.69683
3.61867
3.30183
2.85883
2.32717
2.01267
1.688
1.65133
1.54283
1.7145
2.169
2.68417
3.36067
4.18267
4.9185
5.6405
6.334
6.806
7.12917
7.24683
7.17133
6.9155
6.63383
6.17233
5.62817
5.21883
4.7285
4.54967
4.5535
4.60367
4.82533
5.17283
5.75733
6.362
7.13033
7.8565
8.44433
8.87467
9.204
9.37617
9.25567
8.90517
8.45583
7.78083
7.08033
6.50583
5.97017
5.4795
5.35
5.28283
5.478
5.87517
6.39567
6.91033
7.3965
8.007
8.3225
8.6065
8.71267
8.54483
8.198
7.77
7.1825
6.40633
5.683
5.00733
4.25517
3.80083
3.52917
3.3695
3.44217
3.60767
3.95033
4.301
4.75233
5.10683
5.443
5.66433
5.67
5.57633
5.3005
4.81917
4.1075
3.30983
2.47833
1.58683
0.785
0.204167
-0.290667
-0.4695
-0.5065
-0.2675
0.000499984
0.406333
0.965
1.35617
1.72767
1.91983
1.96183
1.723
1.33717
0.7915
-0.00650009
-0.804
-1.64133
-2.48567
-3.0955
-3.71667
-4.16967
-4.4325
-4.38417
-4.15
-3.859
-3.4495
-3.10833
-2.66317
-2.20117
-1.86217
-1.81533
-1.947
-2.30183
-2.78333
-3.33867
-3.95533
-4.72283
-5.5525
-6.233
-6.77083
-7.0975
-7.24617
-7.1155
-6.8405
-6.54267
-6.01783
-5.457
-4.94
-4.41617
-4.11583
-4.04383
-4.13333
-4.34367
-4.6185
-5.1085
-5.70017
-6.35267
-6.9215
-7.39583
-7.82417
-8.01017
-8.1155
-7.9395
-7.5535
-6.98233
-6.28967
-5.676
-4.955
-4.276
-3.79417
-3.40567
-3.25183
-3.323
-3.57717
-3.934
-4.41867
-4.87367
-5.31317
-5.66833
-5.9505
-6.04633
-5.95867
-5.54783
-5.04933
-4.36967
-3.5545
-2.76433
-2.05283
-1.40417
-0.890667
-0.599667
-0.419
-0.436167
-0.5975
-1.0055
-1.3645
-1.80017
-2.15833
-2.37417
-2.45417
-2.4895
-2.36667
-1.98267
-1.30733
-0.4905
0.294667
1.06633
1.86317
2.54167
3.07567
3.58317
3.704
3.6065
3.4895
3.22917
2.89267
2.441
2.02033
1.588
1.34983
1.3415
1.60783
2.0395
2.5285
3.26633
4.05717
5.01117
5.87917
6.61233
7.054
7.25717
7.4195
7.4135
7.29667
6.80767
6.30817
5.88783
5.44017
5.1665
4.9485
4.793
4.78583
5.085
5.54067
6.08033
6.76717
7.365
7.9595
8.575
8.99733
9.2755
9.3055
9.16867
8.7445
8.23017
7.6
6.90967
6.26967
5.64267
5.2535
4.96467
5.01967
5.30933
5.73183
6.2315
6.80017
7.389
7.884
8.33033
8.60017
8.603
8.50983
8.25817
7.8045
7.1815
6.50767
5.78933
5.01083
4.45983
3.87133
3.43733
3.261
3.39083
3.54417
3.848
4.3575
4.72617
5.16717
5.545
5.70733
5.61917
5.523
5.19517
4.61117
3.97417
3.15533
2.32683
1.61283
1.008
0.330667
-0.167667
-0.367833
-0.363
-0.250667
0.0855
0.549167
0.9165
1.38083
1.65567
1.74267
1.60833
1.39233
0.884667
0.219667
-0.515833
-1.30733
-2.105
-2.8545
-3.4235
-3.85983
-4.22517
-4.32233
-4.2585
-4.1555
-3.80167
-3.302
-2.8945
-2.43517
-2.091
-1.874
-1.7945
-1.8805
-2.212
-2.78583
-3.42233
-4.28117
-5.03167
-5.80017
-6.43117
-6.9335
-7.189
-7.29783
-7.224
-6.83283
-6.2805
-5.80183
-5.33733
-4.693
-4.23533
-3.99017
-3.8245
-3.841
-4.108
-4.44033
-4.9885
-5.74067
-6.3605
-6.92133
-7.37533
-7.72183
-7.85483
-7.8555
-7.6035
-7.14117
-6.673
-5.9855
-5.37067
-4.78733
-4.3345
-3.85367
-3.516
-3.35033
-3.31917
-3.514
-3.90967
-4.37117
-4.74933
-5.27233
-5.64367
-5.9155
-6.04667
-5.93317
-5.55417
-5.096
-4.5115
-3.78617
-2.915
-2.099
-1.46867
-0.917333
-0.543167
-0.2125
-0.254
-0.3715
-0.835167
-1.32133
-1.61517
-2.07967
-2.39383
-2.61
-2.52233
-2.2665
-1.78817
-1.1695
-0.5455
0.295333
1.2005
1.93283
2.68683
3.2865
3.68833
3.849
3.89467
3.75517
3.3275
3.03917
2.59033
2.18667
1.907
1.8205
1.81533
1.92033
2.37167
2.8395
3.45967
4.16267
4.968
5.6415
6.2955
6.93917
7.36383
7.57017
7.514
7.21267
6.87783
6.469
5.92
5.42617
4.96017
4.5735
4.54067
4.73583
5.0215
5.40933
6.014
6.57167
7.31667
7.979
8.54583
8.88267
9.04667
9.08283
8.8655
8.62867
8.09933
7.55317
6.9625
6.32567
5.755
5.3865
5.25133
5.25067
5.32283
5.73367
6.16
6.717
7.26967
7.89617
8.33633
8.5445
8.6255
8.4305
8.0375
7.6485
7.0225
6.22033
5.48917
4.80317
4.19183
3.7085
3.5
3.31583
3.3905
3.6375
3.9025
4.34183
4.77283
5.1595
5.41867
5.69983
5.69283
5.4015
5.13683
4.46817
3.90633
3.1925
2.31933
1.4775
0.775667
0.277833
-0.243333
-0.410667
-0.495167
-0.380167
0.0018333
0.373333
0.833667
1.21567
1.49083
1.7255
1.72933
1.624
1.141
0.558833
-0.139333
-0.945
-1.78183
-2.65
-3.4025
-4.04817
-4.41333
-4.61283
-4.62
-4.45367
-4.01633
-3.62767
-3.10383
-2.6575
-2.2185
-1.9305
-1.9665
-2.03217
-2.3115
-2.7565
-3.485
-4.19417
-4.95967
-5.72717
-6.22717
-6.6925
-7.13317
-7.3065
-7.13667
-6.906
-6.55383
-5.9935
-5.485
-5.02833
-4.44083
-4.00167
-3.796
-3.84933
-3.973
-4.4515
-5.025
-5.60217
-6.364
-7.0005
-7.51083
-7.73767
-8.042
-7.98417
-7.70733
-7.36417
-6.65683
-5.98483
-5.33967
-4.75067
-4.0305
-3.50367
-3.12333
-2.92717
-3.02983
-3.35633
-3.6635
-4.18883
-4.68033
-5.28933
-5.74517
-5.94867
-6.07517
-5.90283
-5.59567
-5.041
-4.48033
-3.63367
-2.82483
-2.123
-1.5105
-0.962667
-0.698333
-0.557167
-0.492
-0.694333
-0.966167
-1.37683
-1.7075
-2.1165
-2.29767
-2.45
-2.54317
-2.33033
-2.11567
